image: map115.pgm
resolution: 0.010000
origin: [-0.800000, -3.653940, 0.000000]
negate: 0
occupied_thresh: 0.65
free_thresh: 0.196

