image: mymap032525.pgm
resolution: 0.050000
origin: [-5.267516, -4.582180, 0.000000]
negate: 0
occupied_thresh: 0.65
free_thresh: 0.196

