image: mymap0527.pgm
resolution: 0.010000
origin: [-0.600000, -0.683842, 0.000000]
negate: 0
occupied_thresh: 0.65
free_thresh: 0.196

